%Epsilon du silicium amorphe. Database SPARCS.

function eps=epscSi(lambda)
  a= [250,255,260,265,270,275,280,285,290,295,300,305,310,315,320,325,330,335,340,345,350,355,360,365,370,375,380,385,390,395,400,405,410,415,420,425,430,435,440,445,450,455,460,465,470,475,480,485,490,495,500,505,510,515,520,525,530,535,540,545,550,555,560,565,570,575,580,585,590,595,600,605,610,615,620,625,630,635,640,645,650,655,660,665,670,675,680,685,690,695,700,705,710,715,720,725,730,735,740,745,750,755,760,765,770,775,780,785,790,795,800,805,810,815,820,825,830,835,840,845,850,855,860,865,870,875,880,885,890,895,900,905,910,915,920,925,930,935,940,945,950,955,960,965,970,975,980,985,990,995,1000,1005,1010,1015,1020,1025,1030,1035,1040,1045,1050,1055,1060,1065,1070,1075,1080,1085,1090,1095,1100,1105,1110,1115,1120,1125,1130,1135,1140,1145,1150,1155,1160,1165,1170,1175,1180,1185,1190,1195,1200,1205,1210,1215,1220,1225,1230,1235,1240,1245,1250,1255,1260,1265,1270,1275,1280,1285,1290,1295,1300,1305,1310,1315,1320,1325,1330,1335,1340,1345,1350,1355,1360,1365,1370,1375,1380,1385,1390,1395,1400,1405,1410,1415,1420,1425,1430,1435,1440,1445,1450,1455,1460,1465,1470,1475,1480,1485,1490,1495];
  e= [-10.70150017788+i*11.479928294218,-12.04961810768+i*12.382755672798,-13.66990089446+i*13.678678027008,-15.731858468655+i*15.644025348952,-18.13224875496+i*18.988716272768,-19.741192645808+i*24.260541634494,-19.424585306553+i*30.814297069904,-16.933685607312+i*38.326884809666,-8.716621654499999+i*45.95909063920001,1.992290470951001+i*45.49379667288,7.700562954887001+i*41.66128071638401,10.60143488718899+i*38.36698892614,12.239041842408+i*35.940668634794,13.392637871085+i*34.278211457892,14.336496386688+i*33.161505594034,15.288650972988+i*32.393879089984,16.2241107312+i*31.858989897728,17.21072882232+i*31.539843619982,18.19623667554+i*31.453633635408,19.260848989827+i*31.698827981964,20.600025480993+i*32.478633693224,22.866737500224+i*34.13575138813,27.631417581864+i*36.17300220831,35.740409357037+i*34.877031679484,42.234386560135+i*27.742356743352,43.42772775192+i*18.920905856768,40.942988869328+i*12.549211322304,37.79176665249901+i*8.887128130980001,35.027806428081+i*6.658391476759999,32.744367801589+i*5.221459407779999,30.873752699217+i*4.305397975544,29.32810002835199+i*3.593663536014,27.978012785117+i*3.132178541244,26.83275762328+i*2.701886091102,25.842595528915+i*2.419906143708,24.986036008107+i*2.106347356476,24.207280288576+i*1.9262594112,23.51059563776+i*1.795720514952,22.889624711733+i*1.625908935844,22.341066291072+i*1.451387072096,21.827073864405+i*1.353102349508,21.358763850525+i*1.2160532435,20.92566961944+i*1.192340046898,20.522239034352+i*1.205928626686,20.164723624281+i*1.08584032252,19.831149215295+i*0.940133289272,19.528791353216+i*0.82521081675,19.238312204188+i*0.724843339584,18.964949580625+i*0.6794697,18.70581303778+i*0.639816134448,18.466752487092+i*0.622439938544,18.24376546152+i*0.579693296322,18.025594851861+i*0.56703501074,17.826879597901+i*0.50656178586,17.638859265316+i*0.4782236639999999,17.458299469897+i*0.4441738866960001,17.290442389291+i*0.36549928854,17.121520057761+i*0.37580251104,16.970183412575+i*0.387001639128,16.822723248185+i*0.362237190168,16.6819771988+i*0.329680933698,16.549717681243+i*0.278099347524,16.422411499008+i*0.291456109406,16.301437753113+i*0.264739782816,16.181918346651+i*0.26464457866,16.072981478357+i*0.236720444724,15.963136028616+i*0.22092634759,15.861233387759+i*0.23749007064,15.760814624163+i*0.237578843884,15.668977758528+i*0.218303468296,15.580218399083+i*0.202644536556,15.49713043452+i*0.197001292198,15.414440689456+i*0.1932632688,15.332501472925+i*0.1849014789,15.255448383064+i*0.17278854063,15.174647795+i*0.171192829542,15.10442571152+i*0.157371915048,15.03498533184+i*0.144384153912,14.964354459664+i*0.13814901504,14.894729297249+i*0.13214609568,14.831472840679+i*0.1262346336,14.772105123093+i*0.123099073524,14.716407771099+i*0.12199978646,14.657010226395+i*0.117021258548,14.598307559376+i*0.11145276517,14.5422536207+i*0.105968315328,14.490432558309+i*0.10057177226,14.443607822433+i*0.09899534585600001,14.399016307851+i*0.09900179233999999,14.355057229641+i*0.09820644767999999,14.311726690625+i*0.0947289492,14.268049695387+i*0.090028787884,14.22166179588+i*0.085749068102,14.183078333177+i*0.08321483966400001,14.150347942497+i*0.082998391504,14.112059876664+i*0.07930218487,14.074310854855+i*0.075654523608,14.042959103613+i*0.07499310888399999,14.009474622975+i*0.07306959659200001,13.97195342372+i*0.06893470219800001,13.937731802144+i*0.06712541724,13.904890437713+i*0.06700154001600001,13.87567832532+i*0.06379464114199999,13.847949411148+i*0.05988303086399999,13.820590888771+i*0.05899853418,13.792322952219+i*0.05837366558,13.75927380624+i*0.055291675442,13.726351886895+i*0.052750594008,13.695856486179+i*0.0519962119,13.66629689136+i*0.051296824552,13.63412969622+i*0.04816429171200001,13.603387181595+i*0.044827379428,13.577833312956+i*0.04399670304,13.55067530024+i*0.043812797358,13.484815983015+i*0.041032849928,13.464088806455+i*0.037375978728,13.443364325193+i*0.037809185176,13.42348944846+i*0.039407961872,13.403453170553+i*0.041179794096,13.38382688286+i*0.042920301872,13.364514636087+i*0.044651403784,13.345070126191+i*0.04635778824,13.326501210516+i*0.04804129064,13.307332276215+i*0.04970666692799999,13.28906652184+i*0.051356733312,13.271148395172+i*0.052983297504,13.253140344032+i*0.054592848024,13.234919871117+i*0.055719470156,13.217606225856+i*0.05335621236,13.200486603616+i*0.05035690044,13.183552189984+i*0.04727460444,13.166613724719+i*0.04423248772,13.149301384545+i*0.041222652968,13.13286254176+i*0.038246988882,13.116658170287+i*0.035297049216,13.100637170613+i*0.032387133884,13.084777548597+i*0.029502625396,13.069093488288+i*0.026650679384,13.053577473821+i*0.0238311831,13.038222015232+i*0.021036806274,13.023026846512+i*0.018274679616,13.007631680091+i*0.01444807966,12.9921156728+i*0.009674365272000001,12.977393472225+i*0.004322897999999999,12.962822523388+i*0.001252936416,12.948403395321+i*0,12.934128924025+i*0,12.920322415225+i*0,12.906968761129+i*0,12.893169578436+i*0,12.879456729616+i*0,12.865887479025+i*0,12.852454441024+i*0,12.839143080625+i*0,12.825967544896+i*0,12.812927635225+i*0,12.8000088441+i*0,12.787210998241+i*0,12.774541074201+i*0,12.762534755961+i*0,12.750562648849+i*0,12.738246388624+i*0,12.726050234881+i*0,12.713966892225+i*0,12.702003336169+i*0,12.690145156329+i*0,12.678791011441+i*0,12.667676852224+i*0,12.656226038481+i*0,12.644794626304+i*0,12.6334750096+i*0,12.622252833961+i*0,12.611625151225+i*0,12.601108438416+i*0,12.590191606756+i*0,12.5793646276+i*0,12.569109546436+i*0,12.558957875044+i*0,12.548463149161+i*0,12.538015300836+i*0,12.528031934016+i*0,12.518229448321+i*0,12.508204449636+i*0,12.498112761289+i*0,12.488329057689+i*0,12.478860046849+i*0,12.469345190416+i*0,12.459593934225+i*0,12.449924118025+i*0,12.440773013904+i*0,12.4316887396+i*0,12.422389260681+i*0,12.413029843369+i*0,12.403899354889+i*0,12.3951172489+i*0,12.386408641489+i*0,12.377766422025+i*0,12.369197558169+i*0,12.360491031001+i*0,12.351654018064+i*0,12.342897456516+i*0,12.334600564225+i*0,12.326362635664+i*0,12.318197653441+i*0,12.310091513476+i*0,12.302051175184+i*0,12.293739975049+i*0,12.285452613721+i*0,12.277301194404+i*0,12.269509761796+i*0,12.261776829124+i*0,12.254102343396+i*0,12.246486252004+i*0,12.238928502724+i*0,12.231429043716+i*0,12.223987823524+i*0,12.216597800625+i*0,12.209265918976+i*0,12.201985141956+i*0,12.19476241+i*0,12.187597673476+i*0,12.180476922916+i*0,12.173414077764+i*0,12.166402113369+i*0,12.159434013444+i*0,12.152502769936+i*0,12.145315610169+i*0,12.138179352121+i*0,12.131093952784+i*0,12.1388831281+i*0,12.146821182441+i*0,12.154699076881+i*0,12.153388241241+i*0,12.150278775625+i*0,12.147197590089+i*0,12.144130734649+i*0,12.141092141649+i*0,12.138067864729+i*0,12.135071832849+i*0,12.132090103225+i*0,12.1291296361+i*0,12.126190423824+i*0,12.123272458801+i*0,12.120375733489+i*0,